23 22 20
24 23 22
26 24 23
27 24 25
28 25 27
29 25 28
30 26 30
31 26 31
33 27 33
34 28 35
35 28 36
36 29 38
37 29 40
39 30 41
40 30 43
41 31 44
42 32 46
43 32 48
45 33 49
46 33 51
47 34 53
48 34 54
49 35 56
51 36 57
52 36 59
53 37 61
54 37 62
55 38 64
56 38 66
58 39 67
59 40 69
60 40 70
61 41 72
62 41 74
64 42 75
65 42 77
66 43 79
67 43 80
68 44 82
70 45 83
71 45 85
72 46 87
73 46 88
74 47 90
75 47 92
77 48 93
78 49 95
79 49 96
80 50 98
81 50 100
83 51 101
84 51 103
85 52 105
86 53 106
87 53 108
89 54 109
90 54 111
91 55 113
92 55 114
93 56 116
94 57 118
96 57 119
97 58 121
98 58 122
99 59 124
101 59 124
102 59 124
104 60 123
106 60 123
107 60 123
109 61 123
110 61 123
112 61 123
113 61 123
115 62 123
116 62 123
118 62 123
119 63 123
121 63 123
123 63 123
124 63 123
126 64 123
127 64 123
129 64 123
130 65 123
132 65 123
133 65 123
135 65 123
137 66 122
138 66 122
140 66 122
141 67 122
143 67 122
144 67 122
146 68 122
147 68 122
149 68 122
150 68 122
152 69 122
154 69 122
155 69 122
157 70 122
158 70 122
160 70 122
161 70 122
163 71 122
164 71 122
166 71 122
168 72 121
169 72 121
171 72 121
172 72 121
174 73 121
175 73 121
177 73 121
178 74 121
180 74 121
182 74 121
183 75 121
185 75 121
186 75 121
188 75 121
189 76 121
191 76 121
192 76 121
194 77 121
195 77 121
197 77 121
198 78 120
199 80 119
200 82 119
200 84 118
201 86 117
202 88 116
202 89 116
203 91 115
204 93 114
204 95 113
205 97 112
206 99 112
206 101 111
207 102 110
208 104 109
208 106 109
209 108 108
210 110 107
210 112 106
211 114 105
212 116 105
212 117 104
213 119 103
214 121 102
214 123 102
215 125 101
216 127 100
216 129 99
217 130 98
218 132 98
219 134 97
219 136 96
220 138 95
221 140 95
221 142 94
222 144 93
223 145 92
223 147 91
224 149 91
225 151 90
225 153 89
226 155 88
227 157 88
227 158 87
228 160 86
229 162 85
229 164 84
230 166 84
231 168 83
231 170 82
232 172 81
233 173 81
233 175 80
234 177 79
235 179 78
235 181 77
236 183 77
237 185 76
238 186 75
238 188 74
239 190 74
240 192 73
240 194 72
241 196 71
241 197 73
241 198 76
242 199 79
242 200 82
242 201 85
242 202 88
243 202 91
243 203 93
243 204 96
243 205 99
243 206 102
244 207 105
244 208 108
244 209 111
244 210 114
245 211 117
245 212 119
245 213 122
245 214 125
245 214 128
246 215 131
246 216 134
246 217 137
246 218 140
246 219 142
247 220 145
247 221 148
247 222 151
247 223 154
248 224 157
248 225 160
248 226 163
248 226 166
248 227 168
249 228 171
249 229 174
249 230 177
249 231 180
250 232 183
250 233 186
250 234 189
250 235 192
250 236 194
251 237 197
251 237 200
251 238 203
251 239 206
252 240 209
252 241 212
252 242 215
252 243 217
252 244 220
253 245 223
253 246 226
253 247 229
253 248 232
253 249 235
254 249 238
254 250 241
254 251 243
254 252 246
255 253 249
255 254 252
255 255 255
