49 52 47
50 52 49
51 52 50
51 52 52
52 52 53
52 52 55
53 52 56
53 52 57
54 52 59
54 52 60
55 52 62
55 52 63
56 52 65
56 53 66
57 53 68
57 53 69
58 53 71
59 53 72
59 53 74
60 53 75
60 53 77
61 53 78
61 53 80
62 53 81
62 53 83
63 53 84
63 53 86
64 53 87
64 53 89
65 54 90
65 54 91
66 54 93
67 54 94
67 54 96
68 54 97
68 54 99
69 54 100
69 54 102
70 54 103
70 54 105
71 54 106
71 54 108
72 54 109
72 54 111
73 54 112
73 54 114
74 55 115
75 55 117
75 55 118
76 55 120
76 55 121
77 55 123
77 55 124
78 55 126
78 55 127
79 55 128
79 55 130
80 55 131
80 55 133
81 55 134
81 55 136
82 55 137
83 56 139
83 56 140
84 56 141
86 56 141
87 57 141
89 58 141
91 58 141
93 59 141
95 60 141
96 60 141
98 61 141
100 62 141
102 62 141
103 63 141
105 64 141
107 64 140
109 65 140
110 66 140
112 66 140
114 67 140
116 68 140
118 68 140
119 69 140
121 70 140
123 70 140
125 71 140
126 72 140
128 72 140
130 73 140
132 73 139
133 74 139
135 75 139
137 75 139
139 76 139
141 77 139
142 77 139
144 78 139
146 79 139
148 79 139
149 80 139
151 81 139
153 81 139
155 82 138
156 83 138
158 83 138
160 84 138
162 85 138
164 85 138
165 86 138
167 87 138
169 87 138
171 88 138
172 89 138
174 89 138
176 90 138
178 90 138
179 91 137
181 92 137
183 92 137
185 93 137
187 94 137
188 94 137
190 95 137
192 96 137
194 96 137
195 97 137
197 98 136
198 100 134
199 102 131
199 104 129
200 105 127
201 107 125
202 109 123
203 111 121
204 112 119
205 114 116
206 116 114
207 118 112
207 119 110
208 121 108
209 123 106
210 125 104
211 127 101
212 128 99
213 130 97
214 132 95
215 134 93
216 135 91
216 137 89
217 139 86
218 141 84
219 142 82
220 144 80
221 146 78
222 148 76
223 150 73
224 151 71
225 153 69
225 155 67
226 157 65
227 158 63
228 160 61
229 162 58
230 164 56
231 165 54
232 167 52
233 169 50
233 171 48
234 173 46
235 174 43
236 176 41
237 178 39
238 180 37
239 181 35
240 183 33
241 185 31
242 187 28
242 189 26
243 190 24
244 192 22
245 194 20
246 196 18
247 197 16
248 199 13
249 201 11
250 203 9
251 204 7
251 206 5
252 208 3
253 210 1
253 211 3
253 211 7
254 212 11
254 213 15
254 214 19
254 214 23
254 215 27
254 216 31
254 216 35
254 217 39
254 218 43
254 218 47
254 219 51
254 220 55
254 221 59
254 221 63
254 222 67
254 223 71
254 223 75
254 224 79
254 225 83
254 225 87
254 226 91
254 227 95
254 228 99
254 228 103
254 229 107
254 230 111
254 230 115
254 231 119
254 232 123
254 233 127
254 233 131
254 234 135
254 235 139
254 235 143
254 236 147
254 237 151
254 237 155
254 238 159
254 239 163
254 240 167
254 240 171
255 241 175
255 242 179
255 242 183
255 243 187
255 244 191
255 244 195
255 245 199
255 246 203
255 247 207
255 247 211
255 248 215
255 249 219
255 249 223
255 250 227
255 251 231
255 251 235
255 252 239
255 253 243
255 254 247
255 254 251
255 255 255
