0 0 49
2 0 49
4 0 48
6 0 47
8 1 46
10 1 46
12 1 45
14 1 44
16 1 43
18 1 42
20 1 42
22 1 41
24 2 40
26 2 39
27 2 39
29 2 38
31 2 37
33 2 36
35 2 35
37 3 35
39 3 34
41 3 33
43 3 32
45 3 32
47 3 31
49 3 30
51 3 29
53 4 29
55 4 28
57 4 27
59 4 26
61 4 25
63 4 25
65 4 24
67 5 23
69 5 22
71 5 22
73 5 21
75 5 20
77 5 19
79 5 18
81 5 18
82 6 17
84 6 16
86 6 15
88 6 15
90 6 14
92 6 13
94 6 12
96 7 11
98 7 11
100 7 10
102 7 9
104 7 8
106 7 8
108 7 7
110 7 6
112 8 5
114 8 4
116 8 4
118 8 3
120 8 2
122 8 1
124 8 1
125 9 0
126 9 0
127 9 0
128 10 0
128 10 0
129 11 0
130 11 0
131 11 0
132 12 0
132 12 0
133 12 0
134 13 0
135 13 0
135 14 0
136 14 0
137 14 0
138 15 0
139 15 0
139 16 0
140 16 0
141 16 0
142 17 0
142 17 0
143 18 0
144 18 0
145 18 0
146 19 0
146 19 0
147 19 0
148 20 0
149 20 0
149 21 0
150 21 0
151 21 0
152 22 0
153 22 0
153 23 0
154 23 0
155 23 0
156 24 0
156 24 0
157 24 0
158 25 0
159 25 0
160 26 0
160 26 0
161 26 0
162 27 0
163 27 0
163 28 0
164 28 0
165 28 0
166 29 0
166 29 0
167 30 0
168 30 0
169 30 0
170 31 0
170 31 0
171 31 0
172 32 0
173 32 0
173 33 0
174 33 0
175 34 0
175 35 0
175 37 0
175 38 0
175 39 0
176 41 0
176 42 0
176 44 0
176 45 0
176 46 0
176 48 0
177 49 0
177 51 0
177 52 0
177 53 0
177 55 0
177 56 0
178 57 0
178 59 0
178 60 0
178 62 0
178 63 0
178 64 0
179 66 0
179 67 0
179 68 0
179 70 0
179 71 0
179 73 0
180 74 0
180 75 0
180 77 0
180 78 0
180 80 0
180 81 0
181 82 0
181 84 0
181 85 0
181 86 0
181 88 0
182 89 0
182 91 0
182 92 0
182 93 0
182 95 0
182 96 0
183 97 0
183 99 0
183 100 0
183 102 0
183 103 0
183 104 0
184 106 0
184 107 0
184 109 0
184 110 0
184 111 0
184 113 0
185 114 0
185 115 0
185 117 0
185 118 0
185 120 0
185 121 0
186 123 2
187 125 6
188 127 9
190 129 12
191 131 15
192 133 19
193 136 22
194 138 25
195 140 28
196 142 32
197 144 35
198 146 38
199 148 41
200 150 45
202 152 48
203 155 51
204 157 54
205 159 58
206 161 61
207 163 64
208 165 67
209 167 71
210 169 74
211 171 77
212 174 80
214 176 84
215 178 87
216 180 90
217 182 93
218 184 97
219 186 100
220 188 103
221 190 106
222 193 110
223 195 113
224 197 116
226 199 119
227 201 123
228 203 126
229 205 129
230 207 132
231 209 136
232 211 139
233 214 142
234 216 145
235 218 149
236 220 152
238 222 155
239 224 158
240 226 162
241 228 165
242 230 168
243 233 171
244 235 175
245 237 178
246 239 181
247 241 184
248 243 188
250 245 191
251 247 194
252 249 197
253 252 201
254 254 204
255 255 207
