0 48 90
1 49 90
1 51 90
2 52 90
3 54 90
3 55 90
4 57 90
5 58 90
5 60 90
6 61 90
7 63 90
7 64 90
8 66 91
9 67 91
10 69 91
10 70 91
11 72 91
12 73 91
12 75 91
13 76 91
14 78 91
14 79 91
15 81 91
16 82 91
16 84 91
17 85 91
18 87 92
18 88 92
19 90 92
20 91 92
20 93 92
21 94 92
22 96 92
22 97 92
23 99 92
24 100 92
24 102 92
25 103 92
26 105 92
26 106 92
27 108 93
28 109 93
29 111 93
29 112 93
30 114 93
31 115 93
31 116 93
32 118 93
33 119 93
33 121 93
34 122 93
35 124 93
35 125 93
36 127 93
37 128 94
37 130 94
38 131 94
39 133 94
39 134 94
40 136 94
41 137 94
41 139 94
42 140 94
43 142 94
44 143 94
46 144 92
47 146 91
49 147 89
51 148 88
53 149 87
54 150 85
56 152 84
58 153 82
60 154 81
62 155 79
63 156 78
65 158 76
67 159 75
69 160 73
70 161 72
72 162 70
74 164 69
76 165 67
78 166 66
79 167 64
81 168 63
83 170 61
85 171 60
86 172 58
88 173 57
90 174 55
92 176 54
94 177 52
95 178 51
97 179 50
99 180 48
101 182 47
103 183 45
104 184 44
106 185 42
108 186 41
110 188 39
111 189 38
113 190 36
115 191 35
117 192 33
119 194 32
120 195 30
122 196 29
124 197 27
126 198 26
127 200 24
129 201 23
131 202 21
133 203 20
135 204 18
136 206 17
138 207 16
140 208 14
142 209 13
144 210 11
145 212 10
147 213 8
149 214 7
151 215 5
152 216 4
154 218 2
156 219 1
157 220 0
158 220 0
159 220 0
160 221 0
162 221 0
163 221 0
164 222 0
165 222 0
166 222 0
167 223 0
168 223 0
169 223 0
170 224 0
171 224 0
172 224 0
173 225 0
174 225 0
175 225 0
176 226 0
177 226 0
178 226 0
179 227 0
180 227 0
181 227 0
182 228 0
183 228 0
184 228 0
185 229 0
186 229 0
187 229 0
188 230 0
189 230 0
190 230 0
191 231 0
192 231 0
193 232 0
194 232 0
196 232 0
197 233 0
198 233 0
199 233 0
200 234 0
201 234 0
202 234 0
203 235 0
204 235 0
205 235 0
206 236 0
207 236 0
208 236 0
209 237 0
210 237 0
211 237 0
212 238 0
213 238 0
214 238 0
215 239 0
216 239 0
217 239 0
218 240 0
219 240 0
220 240 0
221 241 0
222 241 0
223 239 0
223 236 0
224 234 0
225 231 0
225 228 0
226 226 0
226 223 0
227 220 0
227 217 0
228 215 0
228 212 0
229 209 0
229 207 0
230 204 0
230 201 0
231 199 0
231 196 0
232 193 0
232 190 0
233 188 0
233 185 0
234 182 0
234 180 0
235 177 0
235 174 0
236 171 0
236 169 0
237 166 0
238 163 0
238 161 0
239 158 0
239 155 0
240 153 0
240 150 0
241 147 0
241 144 0
242 142 0
242 139 0
243 136 0
243 134 0
244 131 0
244 128 0
245 126 0
245 123 0
246 120 0
246 117 0
247 115 0
247 112 0
248 109 0
248 107 0
249 104 0
250 101 0
250 99 0
251 96 0
251 93 0
252 90 0
252 88 0
253 85 0
253 82 0
254 80 0
254 77 0
255 74 0
255 71 0
255 69 0
