0 0 61
1 0 61
3 0 61
4 0 60
6 0 60
7 0 60
9 0 60
10 0 59
12 0 59
13 0 59
15 0 58
16 0 58
18 0 58
19 0 58
21 0 57
22 0 57
24 0 57
25 0 57
27 0 56
28 0 56
30 0 56
31 0 56
33 0 55
34 0 55
35 0 55
37 0 55
38 0 54
40 0 54
41 0 54
43 0 54
44 0 53
46 0 53
47 0 53
49 0 53
50 0 52
52 0 52
53 0 52
55 0 52
56 0 51
58 0 51
59 0 51
61 0 51
62 0 50
64 0 50
65 0 50
67 0 50
68 0 49
70 0 49
71 0 49
72 0 49
74 0 48
75 0 48
77 0 48
78 0 48
80 0 47
81 0 47
83 0 47
84 0 47
86 0 46
87 0 46
89 0 46
90 0 46
92 0 45
93 0 45
94 0 45
95 1 44
96 2 43
97 3 43
97 4 42
98 5 41
99 5 40
100 6 40
100 7 39
101 8 38
102 9 38
102 10 37
103 11 36
104 12 36
105 12 35
105 13 34
106 14 33
107 15 33
108 16 32
108 17 31
109 18 31
110 19 30
110 19 29
111 20 28
112 21 28
113 22 27
113 23 26
114 24 26
115 25 25
116 26 24
116 26 24
117 27 23
118 28 22
118 29 21
119 30 21
120 31 20
121 32 19
121 33 19
122 33 18
123 34 17
124 35 17
124 36 16
125 37 15
126 38 14
126 39 14
127 39 13
128 40 12
129 41 12
129 42 11
130 43 10
131 44 9
132 45 9
132 46 8
133 46 7
134 47 7
134 48 6
135 49 5
136 50 5
137 51 4
137 52 3
138 53 2
139 53 2
140 54 1
140 55 0
142 57 0
143 58 0
145 60 0
147 62 0
149 64 0
151 65 0
152 67 0
154 69 0
156 71 0
158 73 0
160 74 0
161 76 0
163 78 0
165 80 0
167 81 0
169 83 0
170 85 0
172 87 0
174 89 0
176 90 0
178 92 0
179 94 0
181 96 0
183 98 0
185 99 0
187 101 0
188 103 0
190 105 0
192 106 0
194 108 0
196 110 0
198 112 0
199 114 0
201 115 0
203 117 0
205 119 0
207 121 0
208 122 0
210 124 0
212 126 0
214 128 0
216 130 0
217 131 0
219 133 0
221 135 0
223 137 0
225 138 0
226 140 0
228 142 0
230 144 0
232 146 0
234 147 0
235 149 0
237 151 0
239 153 0
241 155 0
243 156 0
244 158 0
246 160 0
248 162 0
250 163 0
252 165 0
254 167 0
255 169 0
255 170 3
255 171 6
255 173 9
255 174 13
255 175 16
255 176 20
255 178 23
255 179 27
255 180 30
255 181 34
255 183 37
255 184 40
255 185 44
255 186 47
255 187 51
255 189 54
255 190 58
255 191 61
255 192 65
255 194 68
255 195 71
255 196 75
255 197 78
255 199 82
255 200 85
255 201 89
255 202 92
255 204 96
255 205 99
255 206 102
255 207 106
255 208 109
255 210 113
255 211 116
255 212 120
255 213 123
255 215 127
255 216 130
255 217 133
255 218 137
255 220 140
255 221 144
255 222 147
255 223 151
255 225 154
255 226 157
255 227 161
255 228 164
255 230 168
255 231 171
255 232 175
255 233 178
255 234 182
255 236 185
255 237 188
255 238 192
255 239 195
255 241 199
255 242 202
255 243 206
255 244 209
255 246 213
255 247 216
255 248 219
