0 0 61
1 0 60
2 0 59
3 0 58
3 0 57
4 0 56
5 0 55
6 0 54
7 0 53
8 0 52
8 0 51
9 0 51
10 0 50
11 0 49
12 0 48
13 0 47
14 0 46
14 0 45
15 0 44
16 0 43
17 0 42
18 0 41
19 0 40
20 0 39
20 0 38
21 0 37
22 0 36
23 0 35
24 0 34
25 0 33
25 0 32
26 0 31
27 0 30
28 0 29
29 0 28
30 0 28
31 0 27
31 0 26
32 0 25
33 0 24
34 0 23
35 0 22
36 0 21
36 0 20
37 0 19
38 0 18
39 0 17
40 0 16
41 0 15
42 0 14
42 0 13
43 0 12
44 0 11
45 0 10
46 0 9
47 0 8
48 0 7
48 0 6
49 0 6
50 0 5
51 0 4
52 0 3
53 0 2
53 0 1
54 0 0
55 1 0
56 2 0
58 3 0
59 4 0
60 5 0
61 5 0
62 6 0
63 7 0
64 8 0
65 9 0
66 10 0
67 11 0
68 12 0
69 12 0
70 13 0
71 14 0
72 15 0
73 16 0
74 17 0
75 18 0
77 19 0
78 19 0
79 20 0
80 21 0
81 22 0
82 23 0
83 24 0
84 25 0
85 26 0
86 26 0
87 27 0
88 28 0
89 29 0
90 30 0
91 31 0
92 32 0
93 33 0
94 33 0
95 34 0
97 35 0
98 36 0
99 37 0
100 38 0
101 39 0
102 39 0
103 40 0
104 41 0
105 42 0
106 43 0
107 44 0
108 45 0
109 46 0
110 46 0
111 47 0
112 48 0
113 49 0
114 50 0
116 51 0
117 52 0
118 53 0
119 53 0
120 54 0
121 55 0
122 56 0
124 58 0
125 60 0
127 61 0
128 63 0
130 65 0
132 66 0
133 68 0
135 69 0
136 71 0
138 73 0
140 74 0
141 76 0
143 78 0
144 79 0
146 81 0
148 82 0
149 84 0
151 86 0
152 87 0
154 89 0
155 91 0
157 92 0
159 94 0
160 95 0
162 97 0
163 99 0
165 100 0
167 102 0
168 104 0
170 105 0
171 107 0
173 108 0
175 110 0
176 112 0
178 113 0
179 115 0
181 117 0
182 118 0
184 120 0
186 121 0
187 123 0
189 125 0
190 126 0
192 128 0
194 130 0
195 131 0
197 133 0
198 134 0
200 136 0
202 138 0
203 139 0
205 141 0
206 143 0
208 144 0
209 146 0
211 147 0
213 149 0
214 151 0
216 152 0
217 154 0
219 156 0
221 157 0
222 159 0
223 160 3
223 162 6
224 163 9
225 164 13
225 166 16
226 167 20
226 169 23
227 170 27
227 171 30
228 173 34
228 174 37
229 176 40
229 177 44
230 178 47
230 180 51
231 181 54
231 183 58
232 184 61
232 185 65
233 187 68
233 188 71
234 190 75
234 191 78
235 192 82
235 194 85
236 195 89
236 196 92
237 198 96
238 199 99
238 201 102
239 202 106
239 203 109
240 205 113
240 206 116
241 208 120
241 209 123
242 210 127
242 212 130
243 213 133
243 215 137
244 216 140
244 217 144
245 219 147
245 220 151
246 222 154
246 223 157
247 224 161
247 226 164
248 227 168
248 229 171
249 230 175
250 231 178
250 233 182
251 234 185
251 236 188
252 237 192
252 238 195
253 240 199
253 241 202
254 242 206
254 244 209
255 245 213
255 247 216
255 248 219
