0 0 0
0 0 0
0 0 1
0 1 1
0 1 1
0 1 2
0 1 2
1 2 2
1 2 3
1 2 3
1 2 4
1 2 4
1 3 4
1 3 5
1 3 5
1 3 5
1 3 6
1 4 6
1 4 6
1 4 7
1 4 7
2 5 7
2 5 8
2 5 8
2 5 8
2 5 9
2 6 9
2 6 9
2 6 10
2 6 10
2 7 11
2 7 11
2 7 11
2 7 12
2 7 12
3 8 12
3 8 13
3 8 13
3 8 13
3 9 14
3 9 14
3 9 14
3 9 15
3 9 15
3 10 15
3 10 16
3 10 16
3 10 17
3 10 17
4 11 17
4 11 18
4 11 18
4 11 18
4 12 19
4 12 19
4 12 19
4 12 20
4 12 20
4 13 20
4 13 21
4 13 21
4 13 21
5 14 22
5 14 22
5 14 22
6 14 22
7 14 22
8 15 21
9 15 21
10 15 21
11 15 20
12 15 20
13 16 20
14 16 19
15 16 19
16 16 18
17 16 18
18 16 18
19 17 17
20 17 17
21 17 17
22 17 16
23 17 16
24 18 16
25 18 15
25 18 15
26 18 15
27 18 14
28 19 14
29 19 14
30 19 13
31 19 13
32 19 12
33 20 12
34 20 12
35 20 11
36 20 11
37 20 11
38 21 10
39 21 10
40 21 10
41 21 9
42 21 9
43 22 9
44 22 8
45 22 8
46 22 8
47 22 7
48 22 7
49 23 7
50 23 6
51 23 6
52 23 5
53 23 5
54 24 5
55 24 4
56 24 4
57 24 4
58 24 3
59 25 3
60 25 3
61 25 2
62 25 2
63 25 2
64 26 1
65 26 1
66 26 1
67 26 0
69 27 0
71 30 1
74 32 2
77 35 2
80 37 3
83 39 4
86 42 4
89 44 5
91 46 6
94 49 6
97 51 7
100 53 8
103 56 8
106 58 9
108 60 9
111 63 10
114 65 11
117 67 11
120 70 12
123 72 13
125 74 13
128 77 14
131 79 15
134 82 15
137 84 16
140 86 17
142 89 17
145 91 18
148 93 19
151 96 19
154 98 20
157 100 21
159 103 21
162 105 22
165 107 23
168 110 23
171 112 24
174 114 25
176 117 25
179 119 26
182 122 27
185 124 27
188 126 28
191 129 28
193 131 29
196 133 30
199 136 30
202 138 31
205 140 32
208 143 32
210 145 33
213 147 34
216 150 34
219 152 35
222 154 36
225 157 36
227 159 37
230 161 38
233 164 38
236 166 39
239 169 40
242 171 40
245 173 41
247 176 42
248 177 44
248 178 47
248 179 50
249 180 53
249 181 56
249 183 59
249 184 63
249 185 66
249 186 69
249 187 72
249 188 75
249 189 78
250 190 81
250 192 84
250 193 87
250 194 90
250 195 93
250 196 96
250 197 99
250 198 103
251 199 106
251 200 109
251 202 112
251 203 115
251 204 118
251 205 121
251 206 124
251 207 127
252 208 130
252 209 133
252 210 136
252 212 139
252 213 143
252 214 146
252 215 149
252 216 152
253 217 155
253 218 158
253 219 161
253 221 164
253 222 167
253 223 170
253 224 173
253 225 176
253 226 180
254 227 183
254 228 186
254 229 189
254 231 192
254 232 195
254 233 198
254 234 201
254 235 204
255 236 207
255 237 210
255 238 213
255 239 216
255 241 220
255 242 223
255 243 226
255 244 229
255 245 232
255 246 235
255 247 238
